3     0.000000000000000
9     0.000000000000000
15    0.000000000000000
21    0.000000003457297
27    0.072103643684750
33    6.869197031838429
39    19.353189872226270
45    29.681138152764841
51    37.793024345616445
57    44.262360389141890
63    49.525987465456609
69    53.887080029206572
75    57.557422624404651
81    60.688177276516456
87    63.389735516265780
93    65.744451709289990
99    67.814952841365965
105   69.649684341588426
111   71.286695713946330
117   72.756280085356508
123   74.082850902143576
129   75.286300187226871
135   76.382997610267793
141   77.386536260700581
147   78.308296874324540
153   79.157879988392708
159   79.943440694700243
165   80.671950649540094
171   81.349405122083766
177   81.980988067702413
183   82.571204823323910
189   83.123989595319131
195   83.642793152354955
201   84.130654847754499
207   84.590262142601404
213   85.024000088306025
219   85.433992689927578
225   85.822137662704236
231   86.190135780702974
237   86.539515774211267
243   86.871655543914855
249   87.187800312130307
255   87.489078214813858
261   87.776513745585220
267   88.051039389192070
273   88.313505722602798
279   88.564690214123161
285   88.805304912181015
291   89.036003183854049
297   89.257385637375080